    unsorted:	 0.1043810181 0.1040292827 1.854871159 3.203051318 8.804325698 10.53154555 16.63317806 18.46976513 30.88570197 28.01610027 32.88099777 45.55908847 66.10002201 72.22590385 77.81922604 115.7517369 113.6840171 161.4633250 175.9878542 193.7021428 204.2791002 253.0924121 254.3020925 268.0639254 301.1359921 304.8224223 362.4363491 408.1549415 1198.529348 1195.911932 1211.512041 1214.122597 1186.364289 1231.738142 1254.654054 1280.838709 1145.032987 1309.856622 1351.345993 1351.855512 1110.525070 1395.490557 1036.072080 1003.365028 1419.958913 1444.251472 1473.641047 1479.901065 1488.927782 1529.915979 1542.337266 894.6004745 803.5619522 776.3771494 606.6807561 677.5968494 511.2870631 1586.318501 1666.272224 1712.813444 1758.439930 1779.860903 1866.398796 1942.000852 1993.029468 2111.965294 2258.500399 2517.930536 2724.355749 2944.669031 3049.073099 3398.920035 3629.802178 3955.296950 4068.850967 4333.438618 4603.029474 4780.378296 4873.048438 4912.309079 4998.819958 5238.636406 5281.851857 5389.570769 5419.281729 5479.030090 5569.294967 5639.269191 5733.445994 5776.281883 5820.404076 5890.617053 5931.956046 6048.819267 6537.308196 6607.315544 6667.682378 6709.085507 6784.695181 6921.118957 7125.074109 7288.004216 7363.639657 7449.431124 7715.333564 7851.731223 8062.697144 8166.619947 9447.298758 18656.45878 580299.4580 581660.9835 582271.8844 582795.6368 579206.2944 577536.9784 576711.4469 573743.8864 572372.8494 569320.6007 568568.7144 567354.2341 566689.6218 588195.4149 590739.6391 594426.1018 595303.1904 561460.5164 600071.3744 557177.8854 606250.3543 605077.0231 555424.1982 552510.8954 613505.9527 611588.8234 615539.3245 615990.1448 617108.1740 618586.1990 621041.6416 546119.0213 537010.4737 634510.6883 653119.8475 697443.4738 170761.2238 786449.1638 901698.7233 1004479.591 1324422.316 1741460.546 2461516.574 3108222.060 5207160.397 6186584.409 4.984706516e-06
      sorted:	 4.984706516e-06 0.1040292827 0.1043810181 1.854871159 3.203051318 8.804325698 10.53154555 16.63317806 18.46976513 28.01610027 30.88570197 32.88099777 45.55908847 66.10002201 72.22590385 77.81922604 113.6840171 115.7517369 161.4633250 175.9878542 193.7021428 204.2791002 253.0924121 254.3020925 268.0639254 301.1359921 304.8224223 362.4363491 408.1549415 511.2870631 606.6807561 677.5968494 776.3771494 803.5619522 894.6004745 1003.365028 1036.072080 1110.525070 1145.032987 1186.364289 1195.911932 1198.529348 1211.512041 1214.122597 1231.738142 1254.654054 1280.838709 1309.856622 1351.345993 1351.855512 1395.490557 1419.958913 1444.251472 1473.641047 1479.901065 1488.927782 1529.915979 1542.337266 1586.318501 1666.272224 1712.813444 1758.439930 1779.860903 1866.398796 1942.000852 1993.029468 2111.965294 2258.500399 2517.930536 2724.355749 2944.669031 3049.073099 3398.920035 3629.802178 3955.296950 4068.850967 4333.438618 4603.029474 4780.378296 4873.048438 4912.309079 4998.819958 5238.636406 5281.851857 5389.570769 5419.281729 5479.030090 5569.294967 5639.269191 5733.445994 5776.281883 5820.404076 5890.617053 5931.956046 6048.819267 6537.308196 6607.315544 6667.682378 6709.085507 6784.695181 6921.118957 7125.074109 7288.004216 7363.639657 7449.431124 7715.333564 7851.731223 8062.697144 8166.619947 9447.298758 18656.45878 170761.2238 537010.4737 546119.0213 552510.8954 555424.1982 557177.8854 561460.5164 566689.6218 567354.2341 568568.7144 569320.6007 572372.8494 573743.8864 576711.4469 577536.9784 579206.2944 580299.4580 581660.9835 582271.8844 582795.6368 588195.4149 590739.6391 594426.1018 595303.1904 600071.3744 605077.0231 606250.3543 611588.8234 613505.9527 615539.3245 615990.1448 617108.1740 618586.1990 621041.6416 634510.6883 653119.8475 697443.4738 786449.1638 901698.7233 1004479.591 1324422.316 1741460.546 2461516.574 3108222.060 5207160.397 6186584.409
