    unsorted:	 1198.622259 1195.881631 1186.551140 1211.865617 1214.684529 1232.886797 1165.505032 1256.013120 1110.320726 1110.962861 1112.092070 1282.287555 1311.228554 1352.875749 1351.891696 1396.797371 1420.573181 1445.279750 1474.445498 1479.867078 1494.458298 1529.788033 1542.489003 1031.304885 1003.357071 1586.467127 1666.891870 894.5012150 1712.793738 1759.523472 1780.946653 779.3876240 719.1695910 0.1040292772 0.1043810132 1.854859461 3.203020268 8.804556556 10.53210910 16.62875888 18.47359544 30.87491376 28.01821171 32.88251071 45.56188722 66.10067213 72.22488045 77.78359350 115.7502964 113.7061447 161.4469402 176.0120496 193.6894566 204.3212814 253.3845751 252.9712641 264.7114843 300.6706896 301.9821189 362.4316494 407.4674189 675.3451439 606.6498615 510.5139094 1866.389575 1945.172191 1993.182411 2112.732300 2255.717934 2513.452398 2702.126644 2951.533126 3037.651168 3413.489060 3706.273251 3851.091898 4001.777802 4110.384718 4874.527982 4833.020677 4760.933273 4927.668102 4570.668025 5052.449257 5273.160804 5361.680334 5390.923031 5441.267230 5535.435725 5569.621569 5639.826976 5751.465441 5819.227209 5869.283650 5924.253107 5982.871868 6442.724354 6627.510910 6580.272083 6676.527552 6729.828248 6801.071760 7119.566232 7246.809819 7350.980791 7425.482130 7555.882727 7754.683498 7926.773235 8163.507983 9441.297185 17882.36597 580052.8847 581448.4383 581931.8207 582555.0936 578964.6260 576967.5386 576436.5060 573480.8490 572105.8312 569043.5964 567075.9755 566690.5768 566245.1092 588358.1624 590209.2487 594243.7383 594922.5872 561159.2937 600607.7970 599350.3506 604868.8416 606253.3405 557478.5265 613418.4359 613192.1932 611476.9925 615460.7591 617052.4503 618576.6739 620148.0587 555115.9041 551862.5868 627173.5591 545739.0561 536628.0348 643393.2778 668665.0288 716250.4982 165665.5673 807509.4377 920881.4351 1139461.593 1406262.953 1814923.189 2562942.632 3235399.802 5313136.834 6290134.594 7.209550268e-06
      sorted:	 7.209550268e-06 0.1040292772 0.1043810132 1.854859461 3.203020268 8.804556556 10.53210910 16.62875888 18.47359544 28.01821171 30.87491376 32.88251071 45.56188722 66.10067213 72.22488045 77.78359350 113.7061447 115.7502964 161.4469402 176.0120496 193.6894566 204.3212814 252.9712641 253.3845751 264.7114843 300.6706896 301.9821189 362.4316494 407.4674189 510.5139094 606.6498615 675.3451439 719.1695910 779.3876240 894.5012150 1003.357071 1031.304885 1110.320726 1110.962861 1112.092070 1165.505032 1186.551140 1195.881631 1198.622259 1211.865617 1214.684529 1232.886797 1256.013120 1282.287555 1311.228554 1351.891696 1352.875749 1396.797371 1420.573181 1445.279750 1474.445498 1479.867078 1494.458298 1529.788033 1542.489003 1586.467127 1666.891870 1712.793738 1759.523472 1780.946653 1866.389575 1945.172191 1993.182411 2112.732300 2255.717934 2513.452398 2702.126644 2951.533126 3037.651168 3413.489060 3706.273251 3851.091898 4001.777802 4110.384718 4570.668025 4760.933273 4833.020677 4874.527982 4927.668102 5052.449257 5273.160804 5361.680334 5390.923031 5441.267230 5535.435725 5569.621569 5639.826976 5751.465441 5819.227209 5869.283650 5924.253107 5982.871868 6442.724354 6580.272083 6627.510910 6676.527552 6729.828248 6801.071760 7119.566232 7246.809819 7350.980791 7425.482130 7555.882727 7754.683498 7926.773235 8163.507983 9441.297185 17882.36597 165665.5673 536628.0348 545739.0561 551862.5868 555115.9041 557478.5265 561159.2937 566245.1092 566690.5768 567075.9755 569043.5964 572105.8312 573480.8490 576436.5060 576967.5386 578964.6260 580052.8847 581448.4383 581931.8207 582555.0936 588358.1624 590209.2487 594243.7383 594922.5872 599350.3506 600607.7970 604868.8416 606253.3405 611476.9925 613192.1932 613418.4359 615460.7591 617052.4503 618576.6739 620148.0587 627173.5591 643393.2778 668665.0288 716250.4982 807509.4377 920881.4351 1139461.593 1406262.953 1814923.189 2562942.632 3235399.802 5313136.834 6290134.594
