# written from an Rceattle fit on 2026-08-25
#runname
GOA_ATF
#ssl_spp
0
#Dorn_buffer
0
#nfsh
1
#nsex
2
#avgF5yr
0.009478798
#F40_mult
1
#spr_abc
0.4
#spr_msy
0.35
#sp_mo
1
#nages
21
#Frat
1
#M females
0.2 0.2 0.2 0.2 0.2 0.2 0.2 0.2 0.2 0.2 0.2 0.2 0.2 0.2 0.2 0.2 0.2 0.2 0.2 0.2 0.2
#M males
0.35 0.35 0.35 0.35 0.35 0.35 0.35 0.35 0.35 0.35 0.35 0.35 0.35 0.35 0.35 0.35 0.35 0.35 0.35 0.35 0.35
#pmat females
0.000 0.001 0.004 0.016 0.062 0.209 0.513 0.808 0.944 0.985 0.996 0.999 1.000 1.000 1.000 1.000 1.000 1.000 1.000 1.000 1.000
#pmat males
0.000 0.001 0.004 0.016 0.062 0.209 0.513 0.808 0.944 0.985 0.996 0.999 1.000 1.000 1.000 1.000 1.000 1.000 1.000 1.000 1.000
#wtage_sp
0.01968447 0.07143818 0.16324250 0.29459980 0.46090058 0.65553088 0.87125341 1.10105016 1.33859057 1.57845120 1.81617768 2.04825219 2.27200897 2.48552564 2.68750784 2.87717762 3.05417130 3.21844939 3.37021953 3.50987189 3.80523492
#wtage_fsh females
0.01968447 0.07143818 0.16324250 0.29459980 0.46090058 0.65553088 0.87125341 1.10105016 1.33859057 1.57845120 1.81617768 2.04825219 2.27200897 2.48552564 2.68750784 2.87717762 3.05417130 3.21844939 3.37021953 3.50987189 3.80523492
#wtage_fsh males
0.01776433 0.06997087 0.15422849 0.25954439 0.37448606 0.48999328 0.59990852 0.70060262 0.79034919 0.86872311 0.93611621 0.99338288 1.04159746 1.08189790 1.11539109 1.14310069 1.16594248 1.18471705 1.20011272 1.21271398 1.23377921
#sel females
0.009356239 0.026499467 0.073932606 0.194521692 0.450152654 0.858713005 1.311596241 1.620413272 1.690112904 1.628237770 1.528479296 1.425853919 1.333712274 1.256663543 1.193388869 1.140815598 1.096708935 1.060115037 1.033575560 1.033575560 1.033575560
#sel males
0.01419914 0.03990948 0.10971876 0.27819910 0.59765189 1.02005806 1.37158545 1.52310451 1.51431274 1.46395125 1.40493290 1.34853977 1.29603994 1.24600619 1.19637750 1.15328736 1.11785797 1.09021518 1.07135094 1.07135094 1.07135094
#N females
371790.032 292451.222 231413.233 190177.773 150184.970 116894.183 98242.717 84912.947 77424.214 69094.375 51696.844 35071.469 24360.213 18718.458 16817.827 11724.620 8631.280 6003.568 5179.794 5033.239 27597.549
#N males
371790.0320 251704.3644 171407.0444 121201.4021 82317.4109 55068.1695 39770.1849 29563.4321 23221.2800 17868.7399 11521.5197 6725.9818 4016.5944 2655.0661 2055.0710 1235.2830 783.9201 469.7389 348.9224 291.9220 823.0940
#nrec
48
#R female recruits 1978-2025
352856.0 352490.5 356066.2 360208.1 364815.9 366952.1 369093.1 394638.2 392388.1 415738.1 436631.6 399763.6 379223.6 420409.0 411604.8 362801.8 356750.2 391897.1 371775.1 412784.3 477282.0 496174.8 685052.1 424777.3 390541.4 379674.0 375316.1 389271.5 383130.4 303224.9 297230.0 245439.5 227980.8 262314.2 284715.4 325853.7 289360.3 301143.3 347982.2 412819.9 444291.3 400768.6 354109.7 331174.0 319997.4 335188.4 346881.8 345339.1
#SSB 1977-2024
1073375.3 1065475.6 1058757.1 1053161.2 1047684.7 1042416.9 1038463.0 1031952.8 1027698.3 1025705.5 1025105.8 1022684.2 1021563.7 1024476.3 1026010.1 1022962.7 1019714.9 1021755.0 1020285.0 1020583.7 1017262.3 1018976.3 1020149.9 1015202.6 1003875.0 999303.3 1000145.2 1004905.2 1034884.5 1071621.2 1095267.6 1101276.9 1090113.5 1076392.9 1060737.3 1036230.0 1013306.6 981021.3 929372.3 889748.5 852796.6 817916.5 798652.6 780880.3 770389.5 778417.0 797174.1 826712.0
