    unsorted:	 20.06243955 21.56546147 15.73554405 13.59139104 11.03484170 2.328332724 2.198686938 0.1043687887 7.017802151 31.89789488 39.38170108 45.34927279 58.16656585 63.79428272 64.75939880 89.05308599 109.1085250 140.7666352 156.5078401 163.5908873 220.3880805 192.3199220 190.4866696 219.3606034 265.0989191 262.5907607 268.5194762 234.7664370 281.3595705 303.9117178 305.0966695 -105.9888645 439.5719197 569.7674251 734.2528669 733.2913558 700.1081717 635.6684791 879.3288971 872.6461905 912.7784325 902.2131591 923.5210620 838.8569140 809.2207414 939.7029675 953.7726230 961.7812953 981.5385516 998.4129643 1028.604737 1064.704463 1110.123970 1077.751518 1114.758774 1199.006584 1226.314742 1391.297616 1452.259444 1564.377686 1668.614350 1646.708269 1796.871423 1855.039080 1969.583848 2079.858826 2499.452449 2891.001427 2972.365400 3320.814899 3453.420479 3883.726341 4626.707792 4793.305603 5401.941725 5892.753119 6577.186008 7571.315465 7459.376471 7605.144884 7005.634362 8063.327618 8620.004208 9080.263331 9118.968434 9218.612202 9304.840588 9529.301876 9707.087064 9867.243830 9966.521926 10091.79816 10247.81815 10537.87505 10709.41740 11526.80705 11633.90120 11746.81370 11861.80663 12372.90304 12612.78860 13253.66336 13435.91632 13575.64229 13921.52320 14221.75227 14655.32625 15155.42251 15673.73650 17877.07782 18464.51037 578316.9236 578905.5774 577405.5542 580201.4300 581555.5298 582398.8690 573753.1214 573471.3269 572470.6808 586295.2558 568851.7090 569113.2671 566115.7365 587822.0954 593585.6268 593132.8169 596085.7677 563032.1720 603325.6397 603615.3247 605189.2972 607360.9108 608758.5788 611977.9248 613866.5022 558597.6429 616676.9843 617820.2663 618305.9216 555421.8948 554476.4267 553521.9337 620311.6408 548180.7638 631922.9726 535545.5216 647895.2405 685356.8402 165657.6667 760552.9533 868367.5693 1094075.342 1377088.633 1774478.011 2618390.418 3144101.852 5198889.435 6259755.639 53898947.04 6.605334865e-06
      sorted:	 -105.9888645 6.605334865e-06 0.1043687887 2.198686938 2.328332724 7.017802151 11.03484170 13.59139104 15.73554405 20.06243955 21.56546147 31.89789488 39.38170108 45.34927279 58.16656585 63.79428272 64.75939880 89.05308599 109.1085250 140.7666352 156.5078401 163.5908873 190.4866696 192.3199220 219.3606034 220.3880805 234.7664370 262.5907607 265.0989191 268.5194762 281.3595705 303.9117178 305.0966695 439.5719197 569.7674251 635.6684791 700.1081717 733.2913558 734.2528669 809.2207414 838.8569140 872.6461905 879.3288971 902.2131591 912.7784325 923.5210620 939.7029675 953.7726230 961.7812953 981.5385516 998.4129643 1028.604737 1064.704463 1077.751518 1110.123970 1114.758774 1199.006584 1226.314742 1391.297616 1452.259444 1564.377686 1646.708269 1668.614350 1796.871423 1855.039080 1969.583848 2079.858826 2499.452449 2891.001427 2972.365400 3320.814899 3453.420479 3883.726341 4626.707792 4793.305603 5401.941725 5892.753119 6577.186008 7005.634362 7459.376471 7571.315465 7605.144884 8063.327618 8620.004208 9080.263331 9118.968434 9218.612202 9304.840588 9529.301876 9707.087064 9867.243830 9966.521926 10091.79816 10247.81815 10537.87505 10709.41740 11526.80705 11633.90120 11746.81370 11861.80663 12372.90304 12612.78860 13253.66336 13435.91632 13575.64229 13921.52320 14221.75227 14655.32625 15155.42251 15673.73650 17877.07782 18464.51037 165657.6667 535545.5216 548180.7638 553521.9337 554476.4267 555421.8948 558597.6429 563032.1720 566115.7365 568851.7090 569113.2671 572470.6808 573471.3269 573753.1214 577405.5542 578316.9236 578905.5774 580201.4300 581555.5298 582398.8690 586295.2558 587822.0954 593132.8169 593585.6268 596085.7677 603325.6397 603615.3247 605189.2972 607360.9108 608758.5788 611977.9248 613866.5022 616676.9843 617820.2663 618305.9216 620311.6408 631922.9726 647895.2405 685356.8402 760552.9533 868367.5693 1094075.342 1377088.633 1774478.011 2618390.418 3144101.852 5198889.435 6259755.639 53898947.04
