    unsorted:	 1066.508676 1065.703936 1067.239598 1063.558932 1071.391025 1074.092403 1083.847844 1080.776953 1102.120684 1100.323585 1098.251962 1108.818277 1108.032097 1116.430705 1048.097127 1128.668454 1133.741092 1163.566988 1012.624716 1182.921041 974.5246169 1219.505602 1237.964796 1274.537483 919.5500333 1306.718998 854.2032134 816.2283930 740.3869949 1433.229665 1449.656295 1472.693807 662.6858071 615.0802332 1533.904230 545.1785551 507.1879198 428.5511015 344.2567095 353.5119700 278.0071584 249.0856740 231.3058690 199.4622390 181.3204120 175.8443107 150.9067409 76.77227357 66.58681321 90.06540925 99.26503563 30.36253135 29.53361700 42.76188145 18.87851350 17.39463733 15.61131385 3.341815713 3.121374292 7.785063646 0.1042911851 1676.319798 1717.382223 1908.468563 1973.521003 2007.027851 2236.329409 2470.099707 2754.275496 2842.471804 3113.261698 3349.898016 3646.624449 3769.138138 4071.819551 4270.173588 5001.121780 4988.261234 5024.321112 4841.137442 4797.938837 4622.064060 5197.354338 5415.308225 5549.249227 5624.269647 5713.180574 5782.028160 5869.244053 5924.358003 6016.035216 6005.068378 6031.346338 6072.339476 6156.003939 6260.763765 6305.946418 6428.627035 6612.714097 6679.680265 6725.317324 6828.032027 6885.090015 7066.607371 7330.277177 7442.747038 7809.455838 8025.230217 9276.931975 17879.36830 579344.9282 580041.8993 580234.2856 577228.1977 576930.5399 575378.1479 581986.8851 572429.7287 570292.8252 585525.8143 585917.5006 567849.1259 566875.9894 565658.5516 564654.2244 591870.4414 592267.4564 594476.2225 559858.2615 600838.2564 602508.3120 603525.5754 606149.5038 556593.5877 613636.0614 613747.3030 611677.9164 615153.5322 616791.5946 618301.0893 619350.5921 554122.6089 552809.9654 546607.8642 626566.1190 535296.6703 640045.1953 673108.9755 165665.4570 748108.8403 851470.0913 1034523.518 1293349.337 1711818.681 2469197.039 3070885.773 5194457.911 6259271.405 -19134187.41 50885400.70 6.624973486e-06
      sorted:	 -19134187.41 6.624973486e-06 0.1042911851 3.121374292 3.341815713 7.785063646 15.61131385 17.39463733 18.87851350 29.53361700 30.36253135 42.76188145 66.58681321 76.77227357 90.06540925 99.26503563 150.9067409 175.8443107 181.3204120 199.4622390 231.3058690 249.0856740 278.0071584 344.2567095 353.5119700 428.5511015 507.1879198 545.1785551 615.0802332 662.6858071 740.3869949 816.2283930 854.2032134 919.5500333 974.5246169 1012.624716 1048.097127 1063.558932 1065.703936 1066.508676 1067.239598 1071.391025 1074.092403 1080.776953 1083.847844 1098.251962 1100.323585 1102.120684 1108.032097 1108.818277 1116.430705 1128.668454 1133.741092 1163.566988 1182.921041 1219.505602 1237.964796 1274.537483 1306.718998 1433.229665 1449.656295 1472.693807 1533.904230 1676.319798 1717.382223 1908.468563 1973.521003 2007.027851 2236.329409 2470.099707 2754.275496 2842.471804 3113.261698 3349.898016 3646.624449 3769.138138 4071.819551 4270.173588 4622.064060 4797.938837 4841.137442 4988.261234 5001.121780 5024.321112 5197.354338 5415.308225 5549.249227 5624.269647 5713.180574 5782.028160 5869.244053 5924.358003 6005.068378 6016.035216 6031.346338 6072.339476 6156.003939 6260.763765 6305.946418 6428.627035 6612.714097 6679.680265 6725.317324 6828.032027 6885.090015 7066.607371 7330.277177 7442.747038 7809.455838 8025.230217 9276.931975 17879.36830 165665.4570 535296.6703 546607.8642 552809.9654 554122.6089 556593.5877 559858.2615 564654.2244 565658.5516 566875.9894 567849.1259 570292.8252 572429.7287 575378.1479 576930.5399 577228.1977 579344.9282 580041.8993 580234.2856 581986.8851 585525.8143 585917.5006 591870.4414 592267.4564 594476.2225 600838.2564 602508.3120 603525.5754 606149.5038 611677.9164 613636.0614 613747.3030 615153.5322 616791.5946 618301.0893 619350.5921 626566.1190 640045.1953 673108.9755 748108.8403 851470.0913 1034523.518 1293349.337 1711818.681 2469197.039 3070885.773 5194457.911 6259271.405 50885400.70
