    unsorted:	 0.1045405683 0.1046872903 2.753419912 4.459802075 13.77936652 15.97548884 20.14093102 29.84938955 32.12006361 35.84364768 65.35795188 51.78869848 66.94939719 73.32712134 116.0842185 113.8234436 158.7336151 162.3406124 171.5870031 193.7562692 198.4878286 253.3820208 250.0008734 274.9186357 301.2616268 315.6429833 363.4248572 407.9362915 510.4799403 607.1092313 1196.434498 1194.966186 1210.852446 1222.493724 1239.366233 1259.581342 1115.590916 1110.324845 1284.386107 1315.806483 1079.681204 1351.612050 1003.273873 1392.752106 1405.127223 1444.729060 894.8460556 803.9338903 765.6156790 677.1008383 1479.546312 1504.174151 1550.882460 1579.221881 1646.847779 1688.270441 1712.398057 1754.795596 1763.312712 1866.157002 1871.582849 1984.302386 2013.090873 2045.893430 2189.905399 2401.677325 2664.720649 2964.325411 2998.285389 3279.494006 3703.991482 4073.588894 4407.550916 4679.590032 5004.386954 5507.527478 6234.894681 6667.589756 7495.350446 7944.189686 8128.816074 8239.731281 8408.192257 8616.905256 9208.680713 9306.422696 9698.639314 9753.879511 10083.30951 10195.57017 10268.29911 10459.23721 10528.86873 10741.57513 10858.28479 10843.42905 11341.62855 11819.35589 11970.09230 12331.35500 12719.50989 12637.73293 13081.28868 13444.29281 13501.41384 13891.40522 14132.40715 14621.37206 15070.61718 15548.76534 17875.61247 18474.51364 581387.0009 581483.0767 580027.8294 579310.3599 582950.7918 577136.0912 574061.0363 574542.0250 573306.7363 569190.6703 568210.7280 566372.1401 590357.9601 588528.8973 594671.5617 595268.4804 564024.8912 602900.1285 600303.8360 604779.6054 606154.1693 559595.1856 610052.0677 612639.4141 615057.1158 615359.4995 617074.4728 618691.7195 620897.6738 556212.8868 553901.6983 552993.0790 546818.6210 630264.1781 536650.2000 649502.1711 679796.3977 165667.1860 737089.3299 841293.2756 967490.3915 1237625.353 1535648.468 1925194.026 2756601.156 3306195.503 5353110.945 6273776.025 7.209631634e-06
      sorted:	 7.209631634e-06 0.1045405683 0.1046872903 2.753419912 4.459802075 13.77936652 15.97548884 20.14093102 29.84938955 32.12006361 35.84364768 51.78869848 65.35795188 66.94939719 73.32712134 113.8234436 116.0842185 158.7336151 162.3406124 171.5870031 193.7562692 198.4878286 250.0008734 253.3820208 274.9186357 301.2616268 315.6429833 363.4248572 407.9362915 510.4799403 607.1092313 677.1008383 765.6156790 803.9338903 894.8460556 1003.273873 1079.681204 1110.324845 1115.590916 1194.966186 1196.434498 1210.852446 1222.493724 1239.366233 1259.581342 1284.386107 1315.806483 1351.612050 1392.752106 1405.127223 1444.729060 1479.546312 1504.174151 1550.882460 1579.221881 1646.847779 1688.270441 1712.398057 1754.795596 1763.312712 1866.157002 1871.582849 1984.302386 2013.090873 2045.893430 2189.905399 2401.677325 2664.720649 2964.325411 2998.285389 3279.494006 3703.991482 4073.588894 4407.550916 4679.590032 5004.386954 5507.527478 6234.894681 6667.589756 7495.350446 7944.189686 8128.816074 8239.731281 8408.192257 8616.905256 9208.680713 9306.422696 9698.639314 9753.879511 10083.30951 10195.57017 10268.29911 10459.23721 10528.86873 10741.57513 10843.42905 10858.28479 11341.62855 11819.35589 11970.09230 12331.35500 12637.73293 12719.50989 13081.28868 13444.29281 13501.41384 13891.40522 14132.40715 14621.37206 15070.61718 15548.76534 17875.61247 18474.51364 165667.1860 536650.2000 546818.6210 552993.0790 553901.6983 556212.8868 559595.1856 564024.8912 566372.1401 568210.7280 569190.6703 573306.7363 574061.0363 574542.0250 577136.0912 579310.3599 580027.8294 581387.0009 581483.0767 582950.7918 588528.8973 590357.9601 594671.5617 595268.4804 600303.8360 602900.1285 604779.6054 606154.1693 610052.0677 612639.4141 615057.1158 615359.4995 617074.4728 618691.7195 620897.6738 630264.1781 649502.1711 679796.3977 737089.3299 841293.2756 967490.3915 1237625.353 1535648.468 1925194.026 2756601.156 3306195.503 5353110.945 6273776.025
