# written from an Rceattle fit on 2026-08-28
#runname
GOA_ATF
#ssl_spp
0
#Dorn_buffer
0
#nfsh
1
#nsex
2
#avgF5yr
0.01204992
#F40_mult
1
#spr_abc
0.4
#spr_msy
0.35
#sp_mo
1
#nages
21
#Frat
1
#M females
0.329655 0.329655 0.329655 0.329655 0.329655 0.329655 0.329655 0.329655 0.329655 0.329655 0.329655 0.329655 0.329655 0.329655 0.329655 0.329655 0.329655 0.329655 0.329655 0.329655 0.329655
#M males
0.4070876 0.4070876 0.4070876 0.4070876 0.4070876 0.4070876 0.4070876 0.4070876 0.4070876 0.4070876 0.4070876 0.4070876 0.4070876 0.4070876 0.4070876 0.4070876 0.4070876 0.4070876 0.4070876 0.4070876 0.4070876
#pmat females
0.000 0.001 0.004 0.016 0.062 0.209 0.513 0.808 0.944 0.985 0.996 0.999 1.000 1.000 1.000 1.000 1.000 1.000 1.000 1.000 1.000
#pmat males
0.000 0.001 0.004 0.016 0.062 0.209 0.513 0.808 0.944 0.985 0.996 0.999 1.000 1.000 1.000 1.000 1.000 1.000 1.000 1.000 1.000
#wtage_sp
0.01968447 0.07143818 0.16324250 0.29459980 0.46090058 0.65553088 0.87125341 1.10105016 1.33859057 1.57845120 1.81617768 2.04825219 2.27200897 2.48552564 2.68750784 2.87717762 3.05417130 3.21844939 3.37021953 3.50987189 3.80523492
#wtage_fsh females
0.01968447 0.07143818 0.16324250 0.29459980 0.46090058 0.65553088 0.87125341 1.10105016 1.33859057 1.57845120 1.81617768 2.04825219 2.27200897 2.48552564 2.68750784 2.87717762 3.05417130 3.21844939 3.37021953 3.50987189 3.80523492
#wtage_fsh males
0.01776433 0.06997087 0.15422849 0.25954439 0.37448606 0.48999328 0.59990852 0.70060262 0.79034919 0.86872311 0.93611621 0.99338288 1.04159746 1.08189790 1.11539109 1.14310069 1.16594248 1.18471705 1.20011272 1.21271398 1.23377921
#sel females
0.002569938 0.008221047 0.025911849 0.077108650 0.202613281 0.443215612 0.789511973 1.156648784 1.423136398 1.524490380 1.513486325 1.476928752 1.440025142 1.410133581 1.387730783 1.371190807 1.359230321 1.350836431 1.345669982 1.345669982 1.345669982
#sel males
0.003804954 0.011268826 0.032671074 0.087688151 0.201637234 0.377546372 0.579018965 0.764684201 0.922724500 1.063080771 1.198479315 1.336331698 1.466855081 1.567348301 1.617119313 1.633515568 1.633194449 1.629377151 1.624551358 1.624551358 1.624551358
#N females
1247640.178 866466.661 587465.506 434764.606 307183.606 211343.070 151893.347 114205.518 87920.462 68262.989 44164.827 26798.597 16321.314 11104.442 8507.435 5300.217 3546.937 2261.245 1711.667 1458.023 4201.576
#N males
1247640.1776 801890.9534 503151.8643 344587.7151 225295.6749 143459.1502 95514.9553 66664.6975 47758.6954 34550.8959 20806.9540 11722.3109 6615.0192 4168.3518 2960.6884 1711.5498 1062.0852 626.5951 437.8867 343.6895 749.4753
#nrec
48
#R female recruits 1978-2025
1229926.0 1235956.2 1250675.0 1264839.7 1281881.9 1277153.3 1267017.2 1335149.2 1313383.2 1356897.4 1406173.3 1304699.7 1280447.0 1377741.8 1264701.2 1120139.9 1129169.2 1243821.9 1248626.5 1452856.6 1649174.1 1674280.2 2288381.8 1429162.7 1354368.4 1324821.6 1329665.6 1382256.2 1373764.0 1076693.9 1063509.2 872056.8 803827.1 878665.5 913976.7 1021677.9 931296.7 959875.2 1109037.1 1288151.9 1403539.2 1275561.1 1172905.0 1109654.2 1103501.0 1150195.2 1169460.4 1136013.8
#SSB 1977-2024
832088.4 825211.0 820028.1 816295.1 812954.1 810097.3 808961.1 806424.1 806877.7 809925.9 814324.0 816737.8 819483.5 824657.1 827531.3 825354.8 822266.1 822981.6 819253.6 816856.6 810478.9 805124.1 795752.0 782144.6 768841.8 770047.7 785293.0 810998.5 861010.3 912072.3 937075.8 934094.8 913451.5 893498.5 875052.9 849387.0 822394.8 784086.3 727905.4 684593.9 647203.2 615593.7 600944.1 588820.8 586009.3 602759.9 630668.8 666473.9
